samp <- c("GSM1132728",
"GSM1233283",
"GSM1132750",
"GSM1233281",
"GSM1233285",
"GSM1233282",
"GSM1233284",
"GSM1233291",
"GSM1132717",
"GSM1233280",
"GSM1233286",
"GSM1233290",
"GSM1233288",
"GSM1233289",
"GSM1132746",
"GSM1132747",
"GSM1233287",
"GSM1335693",
"GSM1335727",
"GSM1335726",
"GSM1260543",
"GSM1335692",
"GSM1647936",
"GSM1260566",
"GSM1260555",
"GSM1335704",
"GSM1314713",
"GSM1335705",
"GSM1335732",
"GSM1260520",
"GSM1260502",
"GSM1335675",
"GSM1260538",
"GSM1335709",
"GSM1335722",
"GSM1260504",
"GSM1335738",
"GSM1260480",
"GSM1335755",
"GSM1647959",
"GSM1260488",
"GSM1314712",
"GSM1314718",
"GSM1647926",
"GSM1647934",
"GSM1260523",
"GSM1260494",
"GSM1898051",
"GSM1314714",
"GSM1260575",
"GSM1335708",
"GSM1335736",
"GSM1335669",
"GSM1647956",
"GSM1260497",
"GSM1260549",
"GSM1647938",
"GSM1260489",
"GSM1260529",
"GSM1260545",
"GSM1335720",
"GSM1335729",
"GSM1260552",
"GSM1260532",
"GSM1260578",
"GSM1260546",
"GSM1260487",
"GSM1335741",
"GSM1260584",
"GSM1335679",
"GSM1480834",
"GSM1260572",
"GSM1260499",
"GSM1335715",
"GSM1335710",
"GSM1260524",
"GSM1335682",
"GSM1260525",
"GSM1647948",
"GSM1335716",
"GSM1260500",
"GSM1260507",
"GSM1260576",
"GSM1335728",
"GSM1335695",
"GSM1335685",
"GSM1647944",
"GSM1260544",
"GSM1647946",
"GSM1260540",
"GSM1260536",
"GSM1260526",
"GSM1647954",
"GSM1314719",
"GSM1260570",
"GSM1335674",
"GSM1260505",
"GSM1647941",
"GSM1647966",
"GSM1335746",
"GSM1335752",
"GSM1260553",
"GSM1898050",
"GSM1260573",
"GSM1335687",
"GSM1260510",
"GSM1260580",
"GSM1260562",
"GSM1260541",
"GSM1335735",
"GSM1260556",
"GSM1480837",
"GSM1335702",
"GSM1335747",
"GSM1335731",
"GSM1260509",
"GSM1335706",
"GSM1314711",
"GSM1260498",
"GSM1480843",
"GSM1260579",
"GSM1260560",
"GSM1260531",
"GSM1260539",
"GSM1260493",
"GSM1260508",
"GSM1647925",
"GSM1260512",
"GSM1260537",
"GSM1335743",
"GSM1335711",
"GSM1335757",
"GSM1260554",
"GSM1335750",
"GSM1335668",
"GSM1335684",
"GSM1335694",
"GSM1260551",
"GSM1260574",
"GSM1260515",
"GSM1260514",
"GSM1647964",
"GSM1260495",
"GSM1260581",
"GSM1335739",
"GSM1260517",
"GSM1260561",
"GSM1260583",
"GSM1335754",
"GSM1260511",
"GSM1260547",
"GSM1335756",
"GSM1335676",
"GSM1647935",
"GSM1260563",
"GSM1335734",
"GSM1480844",
"GSM1314716",
"GSM1335686",
"GSM1260490",
"GSM1335680",
"GSM1480842",
"GSM1647940",
"GSM1335670",
"GSM1647927",
"GSM1647933",
"GSM1647924",
"GSM1480840",
"GSM1260550",
"GSM1335714",
"GSM1260522",
"GSM1647932",
"GSM1260533",
"GSM1314710",
"GSM1335683",
"GSM1335742",
"GSM1260479",
"GSM1647942",
"GSM1260568",
"GSM1335723",
"GSM1647928",
"GSM1260586",
"GSM1335703",
"GSM1335733",
"GSM1335745",
"GSM1260567",
"GSM1260513",
"GSM1647923",
"GSM1898055",
"GSM1260484",
"GSM1260559",
"GSM1314717",
"GSM1335691",
"GSM1260518",
"GSM1335699",
"GSM1898053",
"GSM1898054",
"GSM1898052",
"GSM1647929",
"GSM1335678",
"GSM1260530",
"GSM1335753",
"GSM1335730",
"GSM1647939",
"GSM1260564",
"GSM1260571",
"GSM1647962",
"GSM1314709",
"GSM1335724",
"GSM1480841",
"GSM1260486",
"GSM1335721",
"GSM1480838",
"GSM1260557",
"GSM1335700",
"GSM1260481",
"GSM1335696",
"GSM1260483",
"GSM1335672",
"GSM1260503",
"GSM1260501",
"GSM1480835",
"GSM1335688",
"GSM1314715",
"GSM1335701",
"GSM1335697",
"GSM1260534",
"GSM1260521",
"GSM1335725",
"GSM1335689",
"GSM1260516",
"GSM1260585",
"GSM1335713",
"GSM1260582",
"GSM1314708",
"GSM1335707",
"GSM1260577",
"GSM1647945",
"GSM1647922",
"GSM1335681",
"GSM1335690",
"GSM1260528",
"GSM1335671",
"GSM1335737",
"GSM1480836",
"GSM1647947",
"GSM1480839",
"GSM1335749",
"GSM1647943",
"GSM1260491",
"GSM1260565",
"GSM1335712",
"GSM1335744",
"GSM1260519",
"GSM1647949",
"GSM1647937",
"GSM1335748",
"GSM1335673",
"GSM1260492",
"GSM1647930",
"GSM1260558",
"GSM1480833",
"GSM1335717",
"GSM1625680",
"GSM1407386",
"GSM1407381",
"GSM1407402",
"GSM1407385",
"GSM1407382",
"GSM1407380",
"GSM1407388",
"GSM1407393",
"GSM1625678",
"GSM1625687",
"GSM1407384",
"GSM1625685",
"GSM1407387",
"GSM1407379",
"GSM1625676",
"GSM1625688",
"GSM1625686",
"GSM1625681",
"GSM1625684",
"GSM1625677",
"GSM1407400",
"GSM1625682",
"GSM1625675",
"GSM1407391",
"GSM1625683",
"GSM1407390",
"GSM1407396",
"GSM1407395",
"GSM1407383",
"GSM1407401",
"GSM1407397",
"GSM1407399",
"GSM1625679",
"GSM1407398",
"GSM1407392",
"GSM1407389",
"GSM1407394",
"GSM1335698",
"GSM1260548",
"GSM1335677",
"GSM1335740",
"GSM1260506",
"GSM1260542",
"GSM1260535",
"GSM1260485",
"GSM1260527",
"GSM1260569",
"GSM1335718",
"GSM1335751",
"GSM1335719",
"GSM1647952",
"GSM1647931",
"GSM2275104",
"GSM2275086",
"GSM2275101",
"GSM2275079",
"GSM2275118",
"GSM2275088",
"GSM2275070",
"GSM2275093",
"GSM2275092",
"GSM2275119",
"GSM2275081",
"GSM2275077",
"GSM2275085",
"GSM2275116",
"GSM2275084",
"GSM2275098",
"GSM2275107",
"GSM2275162",
"GSM2275091",
"GSM2275083",
"GSM2275095",
"GSM2275164",
"GSM2275073",
"GSM2275087",
"GSM2275082",
"GSM2275067",
"GSM2275089",
"GSM2275066",
"GSM2275105",
"GSM2275112",
"GSM2275071",
"GSM2275080",
"GSM2275072",
"GSM2275103",
"GSM2275078",
"GSM2275099",
"GSM2275068",
"GSM2275074",
"GSM2275076",
"GSM2275160",
"GSM2275165",
"GSM2275122",
"GSM2275102",
"GSM2275106",
"GSM2275069",
"GSM2275100",
"GSM2275140",
"GSM2275094",
"GSM2275121",
"GSM2275127",
"GSM2275124",
"GSM2275075",
"GSM2275114",
"GSM2275134",
"GSM2275097",
"GSM2275161",
"GSM2275135",
"GSM2275141",
"GSM2275090",
"GSM2275115",
"GSM2275153",
"GSM2275096",
"GSM2275167",
"GSM2275131",
"GSM2275152",
"GSM2275155",
"GSM2275150",
"GSM2275143",
"GSM2275166",
"GSM2275117",
"GSM2275132",
"GSM2275137",
"GSM2275136",
"GSM2275146",
"GSM2275142",
"GSM2275139",
"GSM2275129",
"GSM2275145",
"GSM2275149",
"GSM2275163",
"GSM2275128",
"GSM2275130",
"GSM2275154",
"GSM2275147",
"GSM2275113",
"GSM2275126",
"GSM2275138",
"GSM2275151",
"GSM2275133",
"GSM2275144",
"GSM2275157",
"GSM2275123",
"GSM2275148",
"GSM2275125",
"GSM2275159",
"GSM2275158",
"GSM2275111",
"GSM2275120",
"GSM2275110",
"GSM2275156",
"GSM2275108",
"GSM2275109",
"GSM2299849",
"GSM2299848",
"GSM2299841",
"GSM2299840",
"GSM2299843",
"GSM2299842",
"GSM2299845",
"GSM2299844",
"GSM2299847",
"GSM2299846",
"GSM2299878",
"GSM2299879",
"GSM2299874",
"GSM2299875",
"GSM2299876",
"GSM2299877",
"GSM2299870",
"GSM2299871",
"GSM2299872",
"GSM2299873",
"GSM2299853",
"GSM2299863",
"GSM2299862",
"GSM2299861",
"GSM2299860",
"GSM2299867",
"GSM2299866",
"GSM2299865",
"GSM2299864",
"GSM2299869",
"GSM2299868",
"GSM2299838",
"GSM2299839",
"GSM2299836",
"GSM2299837",
"GSM2299859",
"GSM2299852",
"GSM2299858",
"GSM2299850",
"GSM2299851",
"GSM2299856",
"GSM2299857",
"GSM2299854",
"GSM2299855",
"GSM2397380",
"GSM2397389",
"GSM2397388",
"GSM2397383",
"GSM2397381",
"GSM2397387",
"GSM2397386",
"GSM2397385",
"GSM2397384",
"GSM2397369",
"GSM2397368",
"GSM2397382",
"GSM2397390",
"GSM2397391",
"GSM2397378",
"GSM2397379",
"GSM2397376",
"GSM2397377",
"GSM2397374",
"GSM2397375",
"GSM2397372",
"GSM2397373",
"GSM2397370",
"GSM2397371",
"GSM2226825",
"GSM2226822",
"GSM2226819",
"GSM2226820",
"GSM2226829",
"GSM2226815",
"GSM2226818",
"GSM2226810",
"GSM2226814",
"GSM2226833",
"GSM2226823",
"GSM2226824",
"GSM2226836",
"GSM2226838",
"GSM2226821",
"GSM2226812",
"GSM2226817",
"GSM2226828",
"GSM2226830",
"GSM2226832",
"GSM2226831",
"GSM2226811",
"GSM2226827",
"GSM2226826",
"GSM2226842",
"GSM2226843",
"GSM2226840",
"GSM2226816",
"GSM2226809",
"GSM2226808",
"GSM2226835",
"GSM2226834",
"GSM2226841",
"GSM2226839",
"GSM2226813",
"GSM2226837",
"GSM2579954",
"GSM2579959",
"GSM2579930",
"GSM2579936",
"GSM2579927",
"GSM2579961",
"GSM2579933",
"GSM2579970",
"GSM2579949",
"GSM2579964",
"GSM2579969",
"GSM2579963",
"GSM2579966",
"GSM2579960",
"GSM2579935",
"GSM2579948",
"GSM2579967",
"GSM2579968",
"GSM2579941",
"GSM2579951",
"GSM2579946",
"GSM2579950",
"GSM2579962",
"GSM2579939",
"GSM2579938",
"GSM2579957",
"GSM2579929",
"GSM2579945",
"GSM2579928",
"GSM2579965",
"GSM2579956",
"GSM2579952",
"GSM2579958",
"GSM2579947",
"GSM2579971",
"GSM2579953",
"GSM2579944",
"GSM2579955",
"GSM2579937",
"GSM2579940",
"GSM2579931",
"GSM2579942",
"GSM2579932",
"GSM2579943",
"GSM2579934",
"GSM2588276",
"GSM2588249",
"GSM2588251",
